2.0
1.7
1.58
1.5
1.61
1.55
1.63
1.58
1.54
1.63
1.59
1.74
1.92
1.93
1.93
1.89
1.86
1.82
1.87
1.84
1.81
1.83
1.84
1.81
1.83
1.88
1.91
1.94
1.92
1.89
1.9
1.88
1.92
1.91
1.89
1.95
1.97
1.95
1.93
1.94
1.95
1.94
1.94
1.97
1.98
1.96
1.96
1.95
1.95
1.93
1.94
1.94
1.97
1.97
1.95
1.94
1.94
1.94
1.96
1.97
1.97
1.97
1.98
1.99
2.02
2.04
2.04
2.05
2.05
2.06
2.06
2.05
2.05
2.06
2.07
2.06
2.06
2.06
2.05
2.04
2.03
2.03
2.02
2.02
2.04
2.05
2.04
2.04
2.05
2.06
2.05
2.05
2.04
2.06
2.08
2.08
2.09
2.11
2.13
2.13
2.15
2.15
2.14
2.13
2.13
2.15
2.15
2.16
2.17
2.17
2.17
2.17
2.16
2.16
2.16
2.16
2.16
2.16
2.16
2.15
2.14
2.14
2.14
2.14
2.15
2.15
2.16
2.16
2.16
2.15
2.16
2.16
2.16
2.16
2.17
2.18
2.17
2.17
2.18
2.18
2.17
2.17
2.18
2.18
2.2
2.2
2.2
2.2
2.19
2.2
2.19
2.19
2.19
2.19
2.19
2.18
2.18
2.18
2.18
2.17
2.17
2.17
2.16
2.16
2.16
2.16
2.16
2.16
2.15
2.15
2.14
2.14
2.14
2.15
2.14
2.14
2.13
2.13
2.13
2.13
2.12
2.12
2.12
2.13
2.13
2.14
2.13
2.13
2.13
2.13
2.14
2.13
2.13
2.13
2.13
2.13
2.12
2.13
2.13
2.14
2.13
2.13
2.12
2.12
2.12
2.13
2.12
2.12
2.13
2.13
2.13
2.13
2.13
2.14
2.14
2.14
2.14
2.14
2.14
2.14
2.14
2.14
2.15
2.16
2.17
2.17
2.18
2.18
2.17
2.17
2.17
2.16
2.16
2.16
2.16
2.16
2.16
2.16
2.15
2.15
2.15
2.15
2.15
2.15
2.15
2.15
2.15
2.16
2.16
2.16
2.15
2.16
2.17
2.17
2.17
2.18
2.18
2.18
2.18
2.17
2.17
2.17
2.17
2.17
2.17
2.17
2.17
2.17
2.17
2.16
2.17
2.17
2.17
2.17
2.16
2.16
2.16
2.16
2.17
2.16
2.16
2.17
2.17
2.17
2.16
2.17
2.17
2.17
2.16
2.16
2.16
2.16
2.16
2.15
2.16
2.16
2.15
2.15
2.15
2.15
2.15
2.16
2.15
2.16
2.15
2.15
2.15
2.16
2.15
2.15
2.15
2.15
2.15
2.15
2.15
2.15
2.15
2.15
2.14
2.14
2.14
2.14
2.15
2.14
2.14
2.14
2.14
2.14
2.14
2.15
2.14
2.15
2.15
2.15
2.14
2.14
2.15
2.15
2.14
2.14
2.14
2.14
2.15
2.15
2.15
2.15
2.15
2.15
2.16
2.16
2.16
2.16
2.15
2.15
2.15
2.15
2.15
2.15
2.15
2.15
2.15
2.15
2.15
2.16
2.16
2.16
2.16
2.16
2.16
2.16
2.16
2.16
2.16
2.16
2.16
2.16
2.16
2.17
2.17
2.17
2.17
2.17
2.17
2.17
2.17
2.17
2.17
2.17
2.17
2.17
2.17
2.17
2.17
2.17
2.16
2.17
2.17
2.16
2.16
2.16
2.16
2.16
2.16
2.16
2.16
2.16
2.16
2.16
2.16
2.16
2.16
2.16
2.16
2.16
2.16
2.16
2.16
2.16
2.16
2.15
2.15
2.16
2.16
2.16
2.16
2.16
2.16
2.16
2.16
2.16
2.16
2.16
2.16
2.15
2.15
2.15
2.15
2.15
2.15
2.15
2.15
2.15
2.15
2.16
2.16
2.16
2.16
2.16
2.16
2.17
2.17
2.17
2.17
2.18
2.18
2.18
2.18
2.18
2.18
2.18
2.18
2.18
2.18
2.18
2.18
2.18
2.18
2.18
2.18
2.17
2.17
2.18
2.18
2.18
2.18
2.18
2.18
2.18
2.18
2.18
2.18
2.18
2.18
2.18
2.18
2.18
2.18
2.18
2.18
2.18
2.18
2.18
2.18
2.18
2.18
2.18
2.18
2.18
2.18
2.18
2.18
2.18
2.18
2.18
2.18
2.18
2.19
2.19
2.19
2.19
2.19
2.19
2.19
2.19
2.19
2.19
2.19
2.2
2.2
2.2
2.2
2.2
2.2
2.2
2.2
2.2
2.2
2.2
2.2
2.21
2.21
2.21
2.21
2.21
2.21
2.21
2.22
2.22
2.22
2.22
2.22
2.22
2.22
2.23
2.23
2.23
2.23
2.23
2.23
2.23
2.23
2.23
2.23
2.23
2.23
2.23
2.23
2.23
2.23
2.24
2.24
2.24
2.24
2.23
